0 18.61 11.08 9.7 22.47 9.11 27.99 8.34 30.03 7.56 41.97 42.72 34.59 48.68 10.42 51.35 52.54 39.66 10.29 20.33 18.51 18.54 46.2 60.93 69.15 26.63 34.32 33.4 38.47 38.01 33.34 26.05 36.14 37.89 12.52 8.35 18.58 18.52 26.95 27.65 30.38 45.07 54.32 58.03 55.7 
18.61 0 25.29 22.05 2.91 21.46 8.51 19.28 10.57 18.5 28.28 53.53 51.03 37.25 12.62 38.97 41.7 58.95 32.15 23.49 19.54 22.08 45.79 61.11 65.77 32.55 34.42 44.19 50 48.84 49.2 45.46 55.46 57.19 24.46 22.64 19.47 11.32 7.45 22.78 32.27 40.28 47.91 51.63 74.85 
11.08 25.29 0 1.71 27.8 1.1 33.75 4.46 35.4 4.03 51.22 51.98 34.64 59.39 15.26 60.57 63.23 37.66 17.37 11.13 8.27 8.95 55.44 70.12 78.3 36.49 43.61 42.69 47.74 47.29 35.68 24.03 34.13 35.89 2.71 5.14 8.34 13.59 30.4 36.96 39.7 54.32 63.52 67.22 53.72 
9.7 22.05 1.71 0 25.66 2.74 31.26 2.5 32.9 2.03 50.41 51.17 34.91 57.11 13.11 59.76 60.94 39.2 14.42 11.47 8.65 9.52 54.63 69.32 77.5 35.67 42.8 41.88 46.92 46.48 37.22 25.58 35.68 37.43 3.08 6.27 8.71 13.83 27.91 36.16 38.88 53.5 62.71 66.41 55.26 
22.47 2.91 27.8 25.66 0 25.18 6.49 23 8.54 22.23 24.55 57.13 54.69 32.59 16.36 35.26 37.04 62.6 35.79 26.12 22.17 24.65 41.14 55.02 61.17 36.18 32.35 47.81 45.99 52.45 52.81 49.13 59.11 60.85 28.18 26.36 22.11 14.99 5.42 18.64 29.69 35.63 44.22 47.95 78.47 
9.11 21.46 1.1 2.74 25.18 0 31.85 3.1 33.49 2.63 50.99 51.75 35.4 57.69 13.71 60.34 61.52 37.68 14.53 12.07 9.24 10.12 55.21 69.9 78.07 36.26 43.38 42.46 47.51 47.06 35.7 24.05 34.15 35.91 3.68 5.19 9.31 14.43 28.5 36.75 39.47 54.09 63.29 66.99 53.74 
27.99 8.51 33.75 31.26 6.49 31.85 0 29.23 3.79 28.01 25.85 62.54 61.01 32.94 22.18 36.57 35.55 68.91 43.02 32.88 28.94 30.29 42.45 57.8 62.49 36.52 36.09 50.23 49.72 59.63 59.98 55.48 65.44 67.16 34.58 32.12 27.4 20.61 4.22 20.53 33.43 36.93 45.53 49.26 84.74 
8.34 19.28 4.46 2.5 23 3.1 29.23 0 32.08 0.83 46.12 50 33.73 55.95 11.91 56.7 59.79 40.24 13.22 10.51 8.68 8.72 53.47 68.17 76.35 34.5 41.62 40.7 45.76 45.31 39.71 26.62 36.71 38.46 4.13 5.06 8.75 14.31 27.08 34.98 37.7 52.34 61.56 65.26 56.28 
30.03 10.57 35.4 32.9 8.54 33.49 3.79 32.08 0 29.35 28.21 64.87 61.71 35.39 23.52 38.92 38 70.97 43.72 31.71 26.59 30.24 51.81 62.98 64.83 38.87 38.43 52.58 52.07 60.33 60.68 58.44 67.5 69.22 34.11 33.47 26.23 20.61 5.29 22.71 35.78 41.18 51.58 51.61 86.63 
7.56 18.5 4.03 2.03 22.23 2.63 28.01 0.83 29.35 0 43.54 48.47 34.37 53.38 9.44 54.14 57.23 42.32 13.85 11.55 9.72 9.75 51.94 66.64 74.84 32.96 40.09 39.17 44.23 43.78 40.34 28.72 38.8 40.55 7.11 5.7 9.79 13.07 24.64 32.39 36.17 50.81 60.04 63.74 54.75 
41.97 28.28 51.22 50.41 24.55 50.99 25.85 46.12 28.21 43.54 0 53.07 69.89 13.46 33.47 12.84 17.28 73.73 44.19 45.08 41.17 43.66 16 31.54 39.91 26.9 21.51 40.69 35.25 50.55 59.55 60.27 70.24 71.97 46.02 44.23 41.1 34.11 30.1 11.38 13.11 12.37 21.76 25.52 87.53 
42.72 53.53 51.98 51.17 57.13 51.75 62.54 50 64.87 48.47 53.07 0 47.5 62.66 46.19 64.89 66.48 55.76 41.07 61.65 57.76 69.31 47.24 56.15 57.62 33.94 34.29 16.01 24.9 10.81 33.62 44.08 53.33 53.99 63.99 56.74 57.69 57.39 63.81 48 44.49 58.63 67.84 71.54 67.23 
34.59 51.03 34.64 34.91 54.69 35.4 61.01 33.73 61.71 34.37 69.89 47.5 0 77.54 44.44 78.72 81.34 9.69 27.91 47.35 43.93 42.93 73.63 82.57 90.69 49.72 56.14 52.02 54.18 37.45 14.9 10.57 6.37 7.96 37.94 31.77 43.99 49.14 60.68 61.36 57.98 72.51 81.65 85.33 21.89 
48.68 37.25 59.39 57.11 32.59 57.69 32.94 55.95 35.39 53.38 13.46 62.66 77.54 0 43.43 9.79 2.93 83.57 54.14 55 51.1 53.58 19.68 29.29 36.04 36.91 34.08 50.65 47.76 60.46 69.43 70.16 80.1 81.82 55.93 54.14 51.04 44.07 35.47 21.47 27.46 12.47 18.86 22.62 97.32 
10.42 12.62 15.26 13.11 16.36 13.71 22.18 11.91 23.52 9.44 33.47 46.19 44.44 43.43 0 46.2 49.3 51.98 24.92 16.4 12.44 16.35 44.36 59.1 67.33 25.32 32.47 37 42.82 41.65 42.02 38.45 48.48 50.22 17.39 15.56 12.31 9.02 16.26 24.64 28.54 43.23 52.49 56.2 67.93 
51.35 38.97 60.57 59.76 35.26 60.34 36.57 56.7 38.92 54.14 12.84 64.89 78.72 9.79 46.2 0 14.1 84.13 54.72 55.57 51.68 54.15 13.58 21.22 27.99 37.03 28.18 47.37 41.89 61.04 72.42 70.73 80.67 82.39 56.5 54.72 51.61 44.65 39.72 22.47 19.8 5.41 9.99 13.76 99.93 
52.54 41.7 63.23 60.94 37.04 61.52 35.55 59.79 38 57.23 17.28 66.48 81.34 2.93 49.3 14.1 0 87.34 57.96 58.8 54.91 57.38 23.77 30 36.75 40.75 37.93 54.47 51.59 64.26 73.21 73.95 83.87 85.59 59.73 57.95 54.85 47.89 39.31 25.75 31.33 16.06 19.58 23.34 101.05 
39.66 58.95 37.66 39.2 62.6 37.68 68.91 40.24 70.97 42.32 73.73 55.76 9.69 83.57 51.98 84.13 87.34 0 35.73 55.13 51.32 50.33 83.36 92.27 100.33 59.56 65.95 60.37 62.51 45.88 24.92 19.95 6.93 5.42 45.36 39.2 51.39 56.51 70.46 71.14 67.78 82.24 91.33 94.99 15.24 
10.29 32.15 17.37 14.42 35.79 14.53 43.02 13.22 43.72 13.85 44.19 41.07 27.91 54.14 24.92 54.72 57.96 35.73 0 23.57 21.75 21.78 49.51 58.5 66.73 25.38 31.85 33.86 38.93 35.89 22.61 15.55 25.68 27.45 18.6 8.93 21.81 26.67 36.86 37.55 33.71 48.38 57.62 61.33 44.62 
20.33 23.49 11.13 11.47 26.12 12.07 32.88 10.51 31.71 11.55 45.08 61.65 47.35 55 16.4 55.57 58.8 55.13 23.57 0 4.77 4.47 57.64 72.31 80.47 38.71 45.82 52.41 56.13 57.1 49.8 38.24 48.3 50.05 11.26 15.83 4.7 8.83 26.25 39.01 41.91 56.52 65.71 69.4 67.81 
18.51 19.54 8.27 8.65 22.17 9.24 28.94 8.68 26.59 9.72 41.17 57.76 43.93 51.1 12.44 51.68 54.91 51.32 21.75 4.77 0 3.53 54.61 69.29 77.47 35.65 42.77 49.37 53.08 52.75 44.94 33.35 43.42 45.17 8.22 13.08 0 5.61 23.16 35.95 38.86 53.48 62.68 66.38 62.95 
18.54 22.08 8.95 9.52 24.65 10.12 30.29 8.72 30.24 9.75 43.66 69.31 42.93 53.58 16.35 54.15 57.38 50.33 21.78 4.47 3.53 0 60.03 74.68 82.82 41.13 48.23 54.8 58.51 57.37 42.01 31.5 41.58 43.33 6.34 13.35 5.98 11.32 28.67 41.42 44.32 58.9 68.08 71.77 61.12 
46.2 45.79 55.44 54.63 41.14 55.21 42.45 53.47 51.81 51.94 16 47.24 73.63 19.68 44.36 13.58 23.77 83.36 49.51 57.64 54.61 60.03 0 14.53 22.48 29.15 23.26 41.31 27.61 53.84 64.68 65.44 75.41 77.14 57.33 52.43 53.7 50.86 46.9 22.99 15.86 6.5 14.5 18.25 94.75 
60.93 61.11 70.12 69.32 55.02 69.9 57.8 68.17 62.98 66.64 31.54 56.15 82.57 29.29 59.1 21.22 30 92.27 58.5 72.31 69.29 74.68 14.53 0 11.55 37.57 31.69 45.57 36.02 62.16 72.99 73.76 83.71 85.43 69.55 63.46 64.78 57.86 53.91 34.17 27.07 13.32 9.42 11.48 103 
69.15 65.77 78.3 77.5 61.17 78.07 62.49 76.35 64.83 74.84 39.91 57.62 90.69 36.04 67.33 27.99 36.75 100.33 66.73 80.47 77.47 82.82 22.48 11.55 0 45.94 40.07 47.59 38.05 64.18 81.25 82.03 91.95 93.67 79.95 73.88 76.49 69.82 65.91 47.95 38.39 25.58 21.68 20.77 111.2 
26.63 32.55 36.49 35.67 36.18 36.26 36.52 34.5 38.87 32.96 26.9 33.94 49.72 36.91 25.32 37.03 40.75 59.56 25.38 38.71 35.65 41.13 29.15 37.57 45.94 0 12.3 16 19.22 31.06 39.62 40.86 50.91 52.65 39.88 33.7 39.49 39.22 42.47 22.56 16.18 29.82 39.14 42.88 68.34 
34.32 34.42 43.61 42.8 32.35 43.38 36.09 41.62 38.43 40.09 21.51 34.29 56.14 34.08 32.47 28.18 37.93 65.95 31.85 45.82 42.77 48.23 23.26 31.69 40.07 12.3 0 18.15 15.55 34.39 44.62 45.34 55.37 57.11 43.42 37.26 39.88 39.6 38.43 18.06 7.95 24.04 33.38 37.12 72.77 
33.4 44.19 42.69 41.88 47.81 42.46 50.23 40.7 52.58 39.17 40.69 16.01 52.02 50.65 37 47.37 54.47 60.37 33.86 52.41 49.37 54.8 41.31 45.57 47.59 16 18.15 0 7.82 17.7 31.86 46.59 56.62 52.24 43.23 41.16 44.38 44.1 49.12 33.88 26.44 41.83 51.1 54.82 66.64 
38.47 50 47.74 46.92 45.99 47.51 49.72 45.76 52.07 44.23 35.25 24.9 54.18 47.76 42.82 41.89 51.59 62.51 38.93 56.13 53.08 58.51 27.61 36.02 38.05 19.22 15.55 7.82 0 25.06 39.16 53.88 63.87 59.47 59.15 53.43 51.64 51.36 52.1 31.87 21.83 34.96 44.06 47.8 73.82 
38.01 48.84 47.29 46.48 52.45 47.06 59.63 45.31 60.33 43.78 50.55 10.81 37.45 60.46 41.65 61.04 64.26 45.88 35.89 57.1 52.75 57.37 53.84 62.16 64.18 31.06 34.39 17.7 25.06 0 24.92 39.18 41.73 43.31 50.63 43.41 52.84 52.54 59.63 45.29 42.15 61.14 70.13 73.83 55.68 
33.34 49.2 35.68 37.22 52.81 35.7 59.98 39.71 60.68 40.34 59.55 33.62 14.9 69.43 42.02 72.42 73.21 24.92 22.61 49.8 44.94 42.01 64.68 72.99 81.25 39.62 44.62 31.86 39.16 24.92 0 15.03 17.37 19.14 39.74 29.77 42.52 50.3 55.33 54.92 49.93 64.5 73.66 77.35 33.93 
26.05 45.46 24.03 25.58 49.13 24.05 55.48 26.62 58.44 28.72 60.27 44.08 10.57 70.16 38.45 70.73 73.95 19.95 15.55 38.24 33.35 31.5 65.44 73.76 82.03 40.86 45.34 46.59 53.88 39.18 15.03 0 9.16 10.94 29.48 23.3 35.55 40.73 55.05 55.73 53.58 68.14 77.29 80.98 28.91 
36.14 55.46 34.13 35.68 59.11 34.15 65.44 36.71 67.5 38.8 70.24 53.33 6.37 80.1 48.48 80.67 83.87 6.93 25.68 48.3 43.42 41.58 75.41 83.71 91.95 50.91 55.37 56.62 63.87 41.73 17.37 9.16 0 1.02 37.1 30.92 43.17 48.33 62.9 63.58 60.1 74.63 83.77 87.45 19.03 
37.89 57.19 35.89 37.43 60.85 35.91 67.16 38.46 69.22 40.55 71.97 53.99 7.96 81.82 50.22 82.39 85.59 5.42 27.45 50.05 45.17 43.33 77.14 85.43 93.67 52.65 57.11 52.24 59.47 43.31 19.14 10.94 1.02 0 42.17 36 48.21 53.35 66.99 67.66 64.3 78.78 87.88 91.55 17.03 
12.52 24.46 2.71 3.08 28.18 3.68 34.58 4.13 34.11 7.11 46.02 63.99 37.94 55.93 17.39 56.5 59.73 45.36 18.6 11.26 8.22 6.34 57.33 69.55 79.95 39.88 43.42 43.23 59.15 50.63 39.74 29.48 37.1 42.17 0 6.04 8.61 13.86 29.95 44.72 42.73 57.33 66.52 70.21 53.95 
8.35 22.64 5.14 6.27 26.36 5.19 32.12 5.06 33.47 5.7 44.23 56.74 31.77 54.14 15.56 54.72 57.95 39.2 8.93 15.83 13.08 13.35 52.43 63.46 73.88 33.7 37.26 41.16 53.43 43.41 29.77 23.3 30.92 36 6.04 0 11.96 16.07 29.61 36.17 38.91 53.54 62.75 66.45 54.09 
18.58 19.47 8.34 8.71 22.11 9.31 27.4 8.75 26.23 9.79 41.1 57.69 43.99 51.04 12.31 51.61 54.85 51.39 21.81 4.7 0 5.98 53.7 64.78 76.49 39.49 39.88 44.38 51.64 52.84 42.52 35.55 43.17 48.21 8.61 11.96 0 5.54 23.1 35.89 38.79 53.41 62.62 66.32 63.01 
18.52 11.32 13.59 13.83 14.99 14.43 20.61 14.31 20.61 13.07 34.11 57.39 49.14 44.07 9.02 44.65 47.89 56.51 26.67 8.83 5.61 11.32 50.86 57.86 69.82 39.22 39.6 44.1 51.36 52.54 50.3 40.73 48.33 53.35 13.86 16.07 5.54 0 15.91 30.58 36.81 48.94 55.6 59.31 68.47 
26.95 7.45 30.4 27.91 5.42 28.5 4.22 27.08 5.29 24.64 30.1 63.81 60.68 35.47 16.26 39.72 39.31 70.46 36.86 26.25 23.16 28.67 46.9 53.91 65.91 42.47 38.43 49.12 52.1 59.63 55.33 55.05 62.9 66.99 29.95 29.61 23.1 15.91 0 18.66 31.97 35.47 44.07 47.8 81.32 
27.65 22.78 36.96 36.16 18.64 36.75 20.53 34.98 22.71 32.39 11.38 48 61.36 21.47 24.64 22.47 25.75 71.14 37.55 39.01 35.95 41.42 22.99 34.17 47.95 22.56 18.06 33.88 31.87 45.29 54.92 55.73 63.58 67.66 44.72 36.17 35.89 30.58 18.66 0 15.18 21.66 30.97 34.71 80.01 
30.38 32.27 39.7 38.88 29.69 39.47 33.43 37.7 35.78 36.17 13.11 44.49 57.98 27.46 28.54 19.8 31.33 67.78 33.71 41.91 38.86 44.32 15.86 27.07 38.39 16.18 7.95 26.44 21.83 42.15 49.93 53.58 60.1 64.3 42.73 38.91 38.79 36.81 31.97 15.18 0 15.08 24.47 28.22 78.95 
45.07 40.28 54.32 53.5 35.63 54.09 36.93 52.34 41.18 50.81 12.37 58.63 72.51 12.47 43.23 5.41 16.06 82.24 48.38 56.52 53.48 58.9 6.5 13.32 25.58 29.82 24.04 41.83 34.96 61.14 64.5 68.14 74.63 78.78 57.33 53.54 53.41 48.94 35.47 21.66 15.08 0 8.46 12.24 97.81 
54.32 47.91 63.52 62.71 44.22 63.29 45.53 61.56 51.58 60.04 21.76 67.84 81.65 18.86 52.49 9.99 19.58 91.33 57.62 65.71 62.68 68.08 14.5 9.42 21.68 39.14 33.38 51.1 44.06 70.13 73.66 77.29 83.77 87.88 66.52 62.75 62.62 55.6 44.07 30.97 24.47 8.46 0 2.77 116.2 
58.03 51.63 67.22 66.41 47.95 66.99 49.26 65.26 51.61 63.74 25.52 71.54 85.33 22.62 56.2 13.76 23.34 94.99 61.33 69.4 66.38 71.77 18.25 11.48 20.77 42.88 37.12 54.82 47.8 73.83 77.35 80.98 87.45 91.55 70.21 66.45 66.32 59.31 47.8 34.71 28.22 12.24 2.77 0 119.86 
55.7 74.85 53.72 55.26 78.47 53.74 84.74 56.28 86.63 54.75 87.53 67.23 21.89 97.32 67.93 99.93 101.05 15.24 44.62 67.81 62.95 61.12 94.75 103 111.2 68.34 72.77 66.64 73.82 55.68 33.93 28.91 19.03 17.03 53.95 54.09 63.01 68.47 81.32 80.01 78.95 97.81 116.2 119.86 0
